21
BDR95925.1_Qingdao_RNA_virus_2_                        0.0000000 0.8402122 4.2491845 5.0826813 4.4459413 4.2509688 4.3027453 4.6075772 5.9253382 4.3853965 4.3853965 4.3853965 3.9775858 2.0687420 1.8344647 0.9400610 4.5670981 4.0754245 4.5464376 5.9436439 5.5444493 
virus3_rdrp                                            0.8402122 0.0000000 4.5964392 4.7283656 4.2366680 4.0571360 4.1614516 4.4184169 6.1681335 3.8087088 3.8087088 3.8087088 4.4317893 2.0725033 1.9418963 0.9347485 4.8755638 4.0137319 4.4162919 5.9561688 6.1363897 
APG77101.1_Wuhan_insect_virus_18_                      4.2491845 4.5964392 0.0000000 2.5370257 2.4441945 2.3109619 4.2021483 3.7513911 3.5230565 4.7197107 4.7197107 4.7197107 4.6320006 4.6841076 4.2344197 3.9119643 2.4663166 2.4571315 3.0181032 3.5583948 3.4938230 
APG77263.1_Wenling_narna-like_virus_8_                 5.0826813 4.7283656 2.5370257 0.0000000 1.3104375 1.2185308 4.5234197 3.1811739 3.3026462 4.6921560 4.6921560 4.6921560 3.6659441 4.7115732 5.1136892 4.4622541 2.7596918 3.2128244 3.5914854 3.1407535 3.4395257 
APG77259.1_Wenling_narna-like_virus_7_                 4.4459413 4.2366680 2.4441945 1.3104375 0.0000000 1.3880377 4.4446489 3.1250593 3.4931160 5.0740040 5.0740040 5.0740040 4.0023599 4.2105746 4.2723458 3.8641060 2.8920623 3.0626362 3.5214829 3.0994451 2.9640966 
APG77072.1_Beihai_narna-like_virus_24_                 4.2509688 4.0571360 2.3109619 1.2185308 1.3880377 0.0000000 4.1545250 3.2725317 4.1960273 4.5451327 4.5451327 4.5451327 4.1271180 4.6468351 5.0119604 3.5624079 2.9970346 3.0205135 3.2982103 3.6070699 3.5229486 
YP_009342444.1_Wuhan_horsefly_Virus_3_                 4.3027453 4.1614516 4.2021483 4.5234197 4.4446489 4.1545250 0.0000000 6.2362571 5.2877448 4.5996007 4.5996007 4.5996007 3.9946935 4.3671352 4.3792687 4.4932755 4.7373769 4.4049950 4.3719886 5.5827838 4.9694807 
APG77148.1_Hubei_narna-like_virus_21_                  4.6075772 4.4184169 3.7513911 3.1811739 3.1250593 3.2725317 6.2362571 0.0000000 1.6003583 4.4665649 4.4568047 4.4568047 4.1451593 4.8322200 4.3367700 4.1652321 3.1492210 2.9410615 3.2617200 1.2717026 1.5390581 
AJT39596.1_Narnaviridae_environmental_sample_          5.9253382 6.1681335 3.5230565 3.3026462 3.4931160 4.1960273 5.2877448 1.6003583 0.0000000 4.7089196 4.6989676 4.6989676 4.6343248 5.4012884 4.9140575 5.1235870 3.3890659 3.5493370 3.7566566 1.0593385 0.8819458 
ASN64762.1_Leptomonas_seymouri_RNA_virus_              4.3853965 3.8087088 4.7197107 4.6921560 5.0740040 4.5451327 4.5996007 4.4665649 4.7089196 0.0000000 0.0010248 0.0010248 3.0165027 3.8417404 4.1544872 4.1051634 4.5848459 4.6355455 4.7844235 4.5779151 4.6868998 
ANI86034.1_Leptomonas_seymouri_Narna-like_virus_1_     4.3853965 3.8087088 4.7197107 4.6921560 5.0740040 4.5451327 4.5996007 4.4568047 4.6989676 0.0010248 0.0000000 0.0000010 3.0117352 3.8417404 4.1544872 4.1051634 4.5848459 4.6355455 4.7844235 4.5722508 4.6755866 
ATI23585.1_Leptomonas_Narna-like_virus_1_              4.3853965 3.8087088 4.7197107 4.6921560 5.0740040 4.5451327 4.5996007 4.4568047 4.6989676 0.0010248 0.0000010 0.0000000 3.0117352 3.8417404 4.1544872 4.1051634 4.5848459 4.6355455 4.7844235 4.5722508 4.6755866 
YP_009388589.1_Wilkie_narna-like_virus_1_              3.9775858 4.4317893 4.6320006 3.6659441 4.0023599 4.1271180 3.9946935 4.1451593 4.6343248 3.0165027 3.0117352 3.0117352 0.0000000 4.1995970 4.1011475 3.4723568 4.9738622 4.1037561 4.2500852 4.7069057 4.8302791 
YP_009333139.1_Beihai_narna-like_virus_22_             2.0687420 2.0725033 4.6841076 4.7115732 4.2105746 4.6468351 4.3671352 4.8322200 5.4012884 3.8417404 3.8417404 3.8417404 4.1995970 0.0000000 1.4974938 1.8630156 4.2321402 4.7794281 4.7542996 4.5526848 5.4142169 
YP_009388579.1_Wilkie_narna-like_virus_2_              1.8344647 1.9418963 4.2344197 5.1136892 4.2723458 5.0119604 4.3792687 4.3367700 4.9140575 4.1544872 4.1544872 4.1544872 4.1011475 1.4974938 0.0000000 1.6794587 4.1811198 4.5008399 4.8700923 4.8567979 4.9451346 
YP_009333261.1_Beihai_narna-like_virus_23_             0.9400610 0.9347485 3.9119643 4.4622541 3.8641060 3.5624079 4.4932755 4.1652321 5.1235870 4.1051634 4.1051634 4.1051634 3.4723568 1.8630156 1.6794587 0.0000000 3.8984732 3.7256396 4.0195214 4.8150794 5.0801668 
UGZ04787.1_Saccharomyces_20S_RNA_narnavirus_           4.5670981 4.8755638 2.4663166 2.7596918 2.8920623 2.9970346 4.7373769 3.1492210 3.3890659 4.5848459 4.5848459 4.5848459 4.9738622 4.2321402 4.1811198 3.8984732 0.0000000 2.7683456 2.4986053 3.0620425 3.2476551 
UQB84404.1_Saccharomyces_23S_RNA_narnavirus_           4.0754245 4.0137319 2.4571315 3.2128244 3.0626362 3.0205135 4.4049950 2.9410615 3.5493370 4.6355455 4.6355455 4.6355455 4.1037561 4.7794281 4.5008399 3.7256396 2.7683456 0.0000000 2.9904349 3.5189959 3.3163979 
APG77168.1_Shahe_narna-like_virus_4_                   4.5464376 4.4162919 3.0181032 3.5914854 3.5214829 3.2982103 4.3719886 3.2617200 3.7566566 4.7844235 4.7844235 4.7844235 4.2500852 4.7542996 4.8700923 4.0195214 2.4986053 2.9904349 0.0000000 3.2638017 3.5581188 
AGW51766.2_Ochlerotatus-associated_narna-like_virus_1_ 5.9436439 5.9561688 3.5583948 3.1407535 3.0994451 3.6070699 5.5827838 1.2717026 1.0593385 4.5779151 4.5722508 4.5722508 4.7069057 4.5526848 4.8567979 4.8150794 3.0620425 3.5189959 3.2638017 0.0000000 1.1863664 
AGW51782.2_Ochlerotatus-associated_narna-like_virus_2_ 5.5444493 6.1363897 3.4938230 3.4395257 2.9640966 3.5229486 4.9694807 1.5390581 0.8819458 4.6868998 4.6755866 4.6755866 4.8302791 5.4142169 4.9451346 5.0801668 3.2476551 3.3163979 3.5581188 1.1863664 0.0000000 
