12
virus5_rdrp                                             0.0000000 0.6694533 0.6593181 0.8376198 0.7759585 0.7619294 0.8306715 0.8957878 0.9069214 2.8754877 0.9827634 2.0707491 
YP_009225665.1_Panax_notoginseng_virus_A_               0.6694533 0.0000000 0.3040024 0.8465600 1.0046577 0.9942707 1.0784681 1.1688386 0.9852153 3.6619919 1.1703195 2.2944063 
AWX94599.1__Panax_notoginseng_virus_B_                  0.6593181 0.3040024 0.0000000 0.9155525 0.9089492 0.9485143 0.9854442 1.0681553 0.9049899 3.6190152 1.1447245 2.3935593 
QFS21891.1_Taro-associated_totivirus_L_                 0.8376198 0.8465600 0.9155525 0.0000000 0.9161060 0.8616294 1.0781664 1.1121320 0.9987340 3.7452284 1.0791105 2.6079162 
AOX47549.1_Pterostylis_sanguinea_totivirus_A_           0.7759585 1.0046577 0.9089492 0.9161060 0.0000000 0.6754800 0.9369571 1.0390125 0.9338717 3.4104920 1.0908352 2.2134585 
AOX47551.1_Pterostylis_sanguinea_totivirus_A_           0.7619294 0.9942707 0.9485143 0.8616294 0.6754800 0.0000000 0.9529288 1.0368482 0.9549859 3.6431921 1.0900709 2.2480363 
UUY86183.1_Loquat_associated_totivirus_1_               0.8306715 1.0784681 0.9854442 1.0781664 0.9369571 0.9529288 0.0000000 0.9661873 0.8423538 3.8990419 1.0470823 2.2418610 
UVG55946.1_Poaceae_Liege_totivirus_14_                  0.8957878 1.1688386 1.0681553 1.1121320 1.0390125 1.0368482 0.9661873 0.0000000 1.0017382 3.7760821 1.2126441 2.3160259 
WEL36415.1_Bursera_graveolens_associated_totivirus_1_   0.9069214 0.9852153 0.9049899 0.9987340 0.9338717 0.9549859 0.8423538 1.0017382 0.0000000 3.7484342 1.0660750 2.4535523 
YP_009507835.1_Xanthophyllomyces_dendrorhous_virus_L1B_ 2.8754877 3.6619919 3.6190152 3.7452284 3.4104920 3.6431921 3.8990419 3.7760821 3.7484342 0.0000000 3.5274175 3.7233236 
YP_001497151.1_Black_raspberry_virus_F_                 0.9827634 1.1703195 1.1447245 1.0791105 1.0908352 1.0900709 1.0470823 1.2126441 1.0660750 3.5274175 0.0000000 2.2465892 
NP_620495.1_Saccharomyces_cerevisiae_virus_L-A_         2.0707491 2.2944063 2.3935593 2.6079162 2.2134585 2.2480363 2.2418610 2.3160259 2.4535523 3.7233236 2.2465892 0.0000000 
