10
virus5_cp                                                             0.0000000 0.5896637 0.6376360 0.7158036 1.1211956 0.8757656 0.8755139 4.1996567 1.1486796 2.5191467 
YP_009225664.1_putative_coat_protein__Panax_notoginseng_virus_A_      0.5896637 0.0000000 0.2003598 0.8437709 1.1803401 0.9632655 1.0520008 4.1433835 1.3241220 2.5803167 
AWX94596.1_putative_coat_protein__Panax_notoginseng_virus_B_          0.6376360 0.2003598 0.0000000 0.8827828 1.2279600 0.9838232 1.0132695 3.9329932 1.2926863 2.5936701 
QFS21890.1_coat_protein__Taro-associated_totivirus_L_                 0.7158036 0.8437709 0.8827828 0.0000000 1.1715093 0.9221926 0.9870798 4.3141300 1.2426044 2.5880823 
AOX47552.1_coat_protein                                               1.1211956 1.1803401 1.2279600 1.1715093 0.0000000 1.2994836 1.2157394 5.1858007 1.5084134 2.6130240 
UUY86182.1_coat_protein__Loquat_associated_totivirus_1_               0.8757656 0.9632655 0.9838232 0.9221926 1.2994836 0.0000000 1.2541167 4.2804906 1.3465001 2.3594149 
WEL36414.1_capsid_protein__Bursera_graveolens_associated_totivirus_1_ 0.8755139 1.0520008 1.0132695 0.9870798 1.2157394 1.2541167 0.0000000 4.2334153 1.2582732 2.5093389 
AFH09413.1_capsid_protein__Xanthophyllomyces_dendrorhous_virus_L1B_   4.1996567 4.1433835 3.9329932 4.3141300 5.1858007 4.2804906 4.2334153 0.0000000 4.6908898 4.4676110 
YP_001497150.1_coat_protein__Black_raspberry_virus_F_                 1.1486796 1.3241220 1.2926863 1.2426044 1.5084134 1.3465001 1.2582732 4.6908898 0.0000000 2.4952489 
NP_620494.1_major_coat_protein__Saccharomyces_cerevisiae_virus_L-A_   2.5191467 2.5803167 2.5936701 2.5880823 2.6130240 2.3594149 2.5093389 4.4676110 2.4952489 0.0000000 
