17
ASA47299.1_Wilkie_qin_like_virus_                                 0.0000000 0.9665986 2.2393379 2.3171911 2.3795666 2.5930213 2.5017920 3.3220669 3.0947364 3.3491407 3.6303279 4.0032460 3.0321238 3.2757458 4.1546047 3.9405718 0.9603064 
QGA70919.1_Nackenback_virus_                                      0.9665986 0.0000000 2.2099365 2.2252951 2.3605165 2.4724429 2.4252601 3.4113752 3.1797067 3.1818763 3.5034053 3.7854336 2.9590010 2.8978138 3.8032621 3.8483101 0.7066757 
QLJ83493.1_Fitzroy_Crossing_qinvirus                              2.2393379 2.2099365 0.0000000 0.1843929 1.0722267 1.6503591 1.2821358 3.6526215 3.7081635 3.4863470 3.8986723 4.3787697 3.3048300 3.6451946 3.9907326 3.9958552 2.2217361 
QGA70924.1_Vinslov_virus_                                         2.3171911 2.2252951 0.1843929 0.0000000 1.0899473 1.6797660 1.3247551 3.7123120 3.6706390 3.4744522 3.9930491 4.4813114 3.3786338 3.7297717 4.0217372 4.0169522 2.2748749 
APG78066.1_Hubei_qin_like_virus_2_                                2.3795666 2.3605165 1.0722267 1.0899473 0.0000000 1.5141073 1.1792625 3.7149095 3.3331748 3.7182112 4.0956805 4.2655783 3.3901773 3.6858549 3.9791552 4.1232734 2.3327660 
QGA70917.1_Gran_virus_                                            2.5930213 2.4724429 1.6503591 1.6797660 1.5141073 0.0000000 1.5076224 4.2247504 4.0213544 3.9129592 4.3375929 4.2660926 3.7117327 3.6921839 4.2654718 4.2893152 2.4821774 
QGA70948.1_Vittskovle_virus_                                      2.5017920 2.4252601 1.2821358 1.3247551 1.1792625 1.5076224 0.0000000 3.9590607 3.7663958 3.7820494 4.0194067 4.6941833 3.5870161 3.6187860 4.3330288 4.3137359 2.4042363 
YP_009337849.1_Sanxia_Qinvirus_like_virus                         3.3220669 3.4113752 3.6526215 3.7123120 3.7149095 4.2247504 3.9590607 0.0000000 3.0767550 3.3053249 3.1910459 3.7874179 2.6750938 2.9257964 3.5767259 3.6490263 3.3996613 
YP_009337866.1_Wenzhou_qinvirus_like_virus_1_                     3.0947364 3.1797067 3.7081635 3.6706390 3.3331748 4.0213544 3.7663958 3.0767550 0.0000000 2.8617587 2.9229269 3.8313903 2.7696334 2.6956646 3.7014556 3.6393284 3.0918008 
QMP82146.1_Collembolan_qin-related_virus_OKIAV112_                3.3491407 3.1818763 3.4863470 3.4744522 3.7182112 3.9129592 3.7820494 3.3053249 2.8617587 0.0000000 2.2835633 2.7514344 1.9582734 1.8697005 3.9661490 3.9375773 3.2256277 
QNS31049.1_Frankliniella_occidentalis_associated_qin_like_virus1_ 3.6303279 3.5034053 3.8986723 3.9930491 4.0956805 4.3375929 4.0194067 3.1910459 2.9229269 2.2835633 0.0000000 2.9675538 1.9042235 2.0140748 3.7540559 3.8351619 3.2925299 
CAH1114797.1_Psylliodes                                           4.0032460 3.7854336 4.3787697 4.4813114 4.2655783 4.2660926 4.6941833 3.7874179 3.8313903 2.7514344 2.9675538 0.0000000 2.2946855 2.1899016 4.3280544 4.3359868 3.8794090 
YP_009342465.1_Wuhan_insect_virus_15_                             3.0321238 2.9590010 3.3048300 3.3786338 3.3901773 3.7117327 3.5870161 2.6750938 2.7696334 1.9582734 1.9042235 2.2946855 0.0000000 1.2180418 3.5128283 3.6290773 2.9656877 
AXA52552.1_Linepithema_humile_qinvirus_like_virus_1_              3.2757458 2.8978138 3.6451946 3.7297717 3.6858549 3.6921839 3.6187860 2.9257964 2.6956646 1.8697005 2.0140748 2.1899016 1.2180418 0.0000000 3.6683878 3.6015750 3.0874965 
LC726789.1_Qingdao_RNA_virus_4                                    4.1546047 3.8032621 3.9907326 4.0217372 3.9791552 4.2654718 4.3330288 3.5767259 3.7014556 3.9661490 3.7540559 4.3280544 3.5128283 3.6683878 0.0000000 0.5045048 4.0015870 
virus1_rdrp                                                       3.9405718 3.8483101 3.9958552 4.0169522 4.1232734 4.2893152 4.3137359 3.6490263 3.6393284 3.9375773 3.8351619 4.3359868 3.6290773 3.6015750 0.5045048 0.0000000 3.7789645 
OL700179.1_XiangYun_qin_like_virus_                               0.9603064 0.7066757 2.2217361 2.2748749 2.3327660 2.4821774 2.4042363 3.3996613 3.0918008 3.2256277 3.2925299 3.8794090 2.9656877 3.0874965 4.0015870 3.7789645 0.0000000 
