22
BCS51495.1_Vitis_cryptic_virus_                     0.0000000 0.6027053 0.9090190 0.8099053 0.7579392 1.9783324 1.8389709 1.8231262 2.0023926 1.8882413 6.3642510 6.4805756 6.0931419 6.1974754 6.2644172 5.2836739 5.6676752 5.8482391 5.5966715 5.4688960 5.3209049 0.4099928 
YP_009466859.1_Pepper_cryptic_virus_1_              0.6027053 0.0000000 0.9903185 0.9480350 0.9351151 2.0042243 2.0538480 1.9436109 2.0527818 1.9110315 5.6961824 5.7809149 5.7689489 5.7876241 6.0188238 5.1212541 5.1555969 5.5516513 5.3649456 5.1067024 5.0512661 0.6232300 
YP_009665971.1_Beet_cryptic_virus_3_                0.9090190 0.9903185 0.0000000 0.9736770 0.8856642 1.9254341 2.0437353 2.1180340 2.1285925 1.9936863 6.2449267 7.0400089 6.4023943 6.6519610 6.2663876 5.5103536 5.3962904 5.6335886 5.4466877 5.7095984 5.3892296 0.9248426 
YP_009508068.1_Beet_cryptic_virus_2_                0.8099053 0.9480350 0.9736770 0.0000000 0.8013807 2.1629603 2.1511423 2.0489064 2.1100383 2.0439744 6.7384461 7.1647043 6.8219367 6.7688738 6.5451524 5.9123830 5.8160000 6.0646144 5.8496160 6.2480594 6.1053161 0.7954626 
YP_009351838.1_Pepper_cryptic_virus_2_              0.7579392 0.9351151 0.8856642 0.8013807 0.0000000 2.0710962 1.9705775 1.8742183 1.9580404 1.9827073 6.5170113 6.6015498 6.0537309 6.0830507 6.9123675 5.8229283 5.8279362 5.9890808 6.0928447 6.1210059 6.0009249 0.7528449 
YP_004429258.1_Fig_cryptic_virus_                   1.9783324 2.0042243 1.9254341 2.1629603 2.0710962 0.0000000 1.7666258 1.7157160 1.7843902 1.7919722 6.6508741 6.6273622 6.4757784 6.7215524 5.5747805 5.4406358 5.8000864 5.8738041 5.7661015 5.5012281 5.4437607 2.0234371 
QED42868.1_Camellia_cryptic_virus_1_                1.8389709 2.0538480 2.0437353 2.1511423 1.9705775 1.7666258 0.0000000 0.3579464 0.5468474 0.5642810 5.6582020 5.8101608 5.8829739 5.8260797 5.4843202 6.5313889 6.1563095 6.6095473 6.1824873 6.1633683 6.1120446 2.0414916 
QPL17792.1_Pistacia_cryptic_virus_                  1.8231262 1.9436109 2.1180340 2.0489064 1.8742183 1.7157160 0.3579464 0.0000000 0.5944494 0.5985424 5.8696426 5.7294999 5.8056828 5.7777425 6.0483487 5.7841086 5.6126252 5.7924460 5.7714784 5.3032393 5.5606089 1.9099129 
YP_001274391.1_Fragaria_chiloensis_cryptic_virus_   2.0023926 2.0527818 2.1285925 2.1100383 1.9580404 1.7843902 0.5468474 0.5944494 0.0000000 0.3875447 5.4565951 5.6069734 5.8302856 5.6872361 5.0412366 6.1471184 5.8298152 6.0092535 6.1234709 5.6616562 5.7068942 2.0832910 
YP_009026407.1_Arhar_cryptic_virus-I_               1.8882413 1.9110315 1.9936863 2.0439744 1.9827073 1.7919722 0.5642810 0.5985424 0.3875447 0.0000000 5.3695346 5.7459245 5.6621945 5.6084232 5.2831803 5.8340317 5.5937295 5.8557844 5.8165138 5.5372700 5.7412851 1.8895103 
YP_009508046.1_Carrot_cryptic_virus_                6.3642510 5.6961824 6.2449267 6.7384461 6.5170113 6.6508741 5.6582020 5.8696426 5.4565951 5.3695346 0.0000000 0.1644472 0.2380623 0.2117244 2.3653373 3.4808008 3.4684614 3.4527856 3.3076821 3.3322017 3.2963368 6.7386264 
YP_002308574.1_Beet_cryptic_virus_1_                6.4805756 5.7809149 7.0400089 7.1647043 6.6015498 6.6273622 5.8101608 5.7294999 5.6069734 5.7459245 0.1644472 0.0000000 0.2362471 0.2004615 2.4872664 3.6480177 3.5906382 3.5806685 3.3855502 3.4021853 3.3704248 6.7149215 
YP_272124.1_Vicia_cryptic_virus_                    6.0931419 5.7689489 6.4023943 6.8219367 6.0537309 6.4757784 5.8829739 5.8056828 5.8302856 5.6621945 0.2380623 0.2362471 0.0000000 0.1836168 2.4687706 3.5521880 3.4646556 3.5688616 3.3815719 3.4258052 3.3521431 6.5435007 
YP_086754.1_White_clover_cryptic_virus_1_           6.1974754 5.7876241 6.6519610 6.7688738 6.0830507 6.7215524 5.8260797 5.7777425 5.6872361 5.6084232 0.2117244 0.2004615 0.1836168 0.0000000 2.3732938 3.4654909 3.4280335 3.4144864 3.2469470 3.3172833 3.2587511 6.4145367 
YP_009551597.1_Medicago_sativa_alphapartitivirus_1_ 6.2644172 6.0188238 6.2663876 6.5451524 6.9123675 5.5747805 5.4843202 6.0483487 5.0412366 5.2831803 2.3653373 2.4872664 2.4687706 2.3732938 0.0000000 3.6913849 3.6171150 3.6116983 3.6561655 3.6641166 3.7160275 6.4552163 
YP_009293586.1_Cannabis_cryptic_virus_              5.2836739 5.1212541 5.5103536 5.9123830 5.8229283 5.4406358 6.5313889 5.7841086 6.1471184 5.8340317 3.4808008 3.6480177 3.5521880 3.4654909 3.6913849 0.0000000 0.2693645 0.2190954 0.2373155 0.2585816 0.2463266 5.2656910 
YP_009508059.1_Crimson_clover_cryptic_virus_2_      5.6676752 5.1555969 5.3962904 5.8160000 5.8279362 5.8000864 6.1563095 5.6126252 5.8298152 5.5937295 3.4684614 3.5906382 3.4646556 3.4280335 3.6171150 0.2693645 0.0000000 0.2566199 0.2502947 0.2493271 0.2467626 5.5682402 
YP_007891054.1_Dill_cryptic_virus_2_                5.8482391 5.5516513 5.6335886 6.0646144 5.9890808 5.8738041 6.6095473 5.7924460 6.0092535 5.8557844 3.4527856 3.5806685 3.5688616 3.4144864 3.6116983 0.2190954 0.2566199 0.0000000 0.1840507 0.2242475 0.2015250 5.7226488 
YP_007889825.1_Hop_trefoil_cryptic_virus_2_         5.5966715 5.3649456 5.4466877 5.8496160 6.0928447 5.7661015 6.1824873 5.7714784 6.1234709 5.8165138 3.3076821 3.3855502 3.3815719 3.2469470 3.6561655 0.2373155 0.2502947 0.1840507 0.0000000 0.1700895 0.1454894 5.7412507 
YP_007889821.1_White_clover_cryptic_virus_2_        5.4688960 5.1067024 5.7095984 6.2480594 6.1210059 5.5012281 6.1633683 5.3032393 5.6616562 5.5372700 3.3322017 3.4021853 3.4258052 3.3172833 3.6641166 0.2585816 0.2493271 0.2242475 0.1700895 0.0000000 0.0900895 5.2618759 
YP_007889823.1_Red_clover_cryptic_virus_2_          5.3209049 5.0512661 5.3892296 6.1053161 6.0009249 5.4437607 6.1120446 5.5606089 5.7068942 5.7412851 3.2963368 3.3704248 3.3521431 3.2587511 3.7160275 0.2463266 0.2467626 0.2015250 0.1454894 0.0900895 0.0000000 5.1833719 
virus4_rdrp                                         0.4099928 0.6232300 0.9248426 0.7954626 0.7528449 2.0234371 2.0414916 1.9099129 2.0832910 1.8895103 6.7386264 6.7149215 6.5435007 6.4145367 6.4552163 5.2656910 5.5682402 5.7226488 5.7412507 5.2618759 5.1833719 0.0000000 
